4.57113
-1.74786
1.97904
-0.537617
2.97005
-2.92505
1.8973
1.66152
0.0286695
-1.7837
0.19029
0.204754
0.794319
0.999455
-2.9
3.38123
-1.1676
-2.8948
-1.92265
-4.86235
-0.813925
0.318818
-3.60292
-3.6959
-4.46498
2.41112
-2.97177
-1.90114
-0.921395
-0.515926
-5.90848
4.73482
-2.99099
-3.92893
-0.0685761
1.00309
3.90375
2.13204
3.40898
1.49938
0.571156
-3.36945
1.1094
1.50811
2.34883
0.398236
-2.93646
0.144708
1.77143
2.69732
-2.20704
-3.3707
4.20931
-1.91439
-2.53145
2.18582
-2.47118
2.80306
1.31503
-0.370763
-0.362997
-4.68919
-1.98085
-1.34235
2.97284
-0.632873
1.42593
3.18588
4.22685
2.24275
2.85555
-3.89302
-1.00583
-2.61216
-4.16123
-3.8425
0.269827
4.20107
0.718561
2.04097
-1.59976
1.3435
-1.63572
-1.8061
-2.62403
1.2836
-2.16789
-2.99875
1.84838
2.9303
-0.728793
4.71494
-4.82246
-2.20954
3.99426
3.99506
1.56802
-4.63089
1.08111
-2.17252
4.31043
2.21146
-2.88459
0.844067
-1.7024
-1.50552
-1.61433
2.55861
4.71014
-4.56739
4.9436
-0.818841
-3.26086
-1.50114
-4.11743
-1.24545
4.76066
1.49475
1.12743
-4.60064
-1.68683
-3.84257
-2.31809
-1.29148
-1.86716
1.74284
-1.39903
-2.92728
3.37093
-1.43909
-4.01494
-0.0751231
-1.68083
-1.2439
-3.05336
1.05775
-3.52649
-2.36088
2.22871
0.926116
-2.86644
-0.0326798
2.22282
2.19374
3.19486
-3.7861
1.04215
0.831
1.17464
-3.32054
-1.76188
3.63019
-4.11836
1.45224
-0.851835
-3.54947
-1.07133
-2.65605
-1.22974
-4.4169
-0.82655
0.48248
0.600627
-4.27699
4.61079
-3.09334
0.16876
-2.25368
2.43339
1.01369
0.255892
-1.07148
-0.0924706
1.32291
-3.09469
1.10011
-0.782419
-0.467467
3.76839
-0.907658
-1.14726
2.59875
-4.2994
0.976839
4.48936
2.67806
4.13285
3.93162
-0.0232341
3.50074
3.71437
-1.07454
-3.30105
1.445
1.35904
0.534166
-3.7113
1.91461
-0.94227
2.67766
1.29309
1.71518
-4.89702
2.21336
-3.83355
1.87394
-4.03638
1.54768
4.19663
1.10302
2.0951
-0.345678
-1.49129
4.93773
2.72382
1.59598
3.8549
-3.9367
-0.373546
-0.250335
-0.6227
-2.37599
-0.511571
-0.16855
-3.70685
1.24627
-0.16736
-2.80941
-4.25382
0.954323
-2.40408
-4.67536
-2.77096
1.2401
0.835045
-4.88702
-4.50527
4.24736
-2.75861
-3.16603
3.40905
4.20276
0.214961
-4.52921
-4.61754
-0.0925313
4.77774
4.17512
-0.240634
2.01293
0.510467
1.69367
2.22681
4.18065
1.69763
-3.5397
4.61378
1.86388
3.16365
-2.95407
-1.09754
-4.51203
2.65568
-0.395422
2.86549
-0.765428
-2.0215
3.92463
-3.31039
4.64178
-2.85666
2.85562
4.24663
1.71271
4.14431
-1.24323
-0.936986
-3.82543
-0.51653
4.63976
1.72124
-1.83504
-1.77337
-1.26556
-3.55628
-1.31998
-0.135444
3.01638
-2.39734
-1.57979
0.119778
1.59503
-0.0714716
-1.14817
-1.93741
1.67416
1.77771
0.664721
0.458215
-2.11758
1.7644
1.50148
3.09587
1.52489
2.26818
-3.85627
0.610226
3.3155
-0.157078
-3.56479
-2.05393
2.23862
-2.00876
0.211418
-1.77751
-1.95085
2.41697
2.48702
0.463274
2.45354
0.50976
4.29746
0.562505
-3.87398
-0.830296
3.2522
0.516787
-3.5481
3.30479
-0.587823
-1.06434
0.813632
0.655611
-4.48751
-1.13945
-1.68511
1.47274
-4.19466
-2.80031
0.0620168
-0.669982
-1.03283
-2.75122
1.8068
-1.92583
0.429772
-1.27671
3.13161
-0.350201
-4.57838
0.879199
-2.73947
-1.2107
3.19987
0.0851393
3.34146
-1.88858
-2.29012
-2.9805
1.40704
1.38845
-3.9596
1.88486
2.93802
-4.54781
4.41149
-0.592594
0.358248
4.8656
4.14759
4.17
-3.56499
-3.06011
-0.293365
-1.46329
-0.881867
-4.4657
-4.05375
-4.4055
2.73928
-2.18187
2.19976
2.73638
-3.82827
-1.83408
-2.01231
-0.55225
4.27468
-1.49345
2.50377
3.12704
-1.51323
-3.97011
-0.421549
1.38772
-3.41445
-1.12966
-3.89865
-1.61426
-2.75054
1.68644
-2.91397
4.54368
0.339566
-0.225236
-3.6446
-2.4697
-2.76412
-0.776172
-2.957
1.95372
4.77175
1.08396
-3.63607
2.17141
-2.45755
-2.48303
1.81894
-2.19532
4.39581
0.978037
2.26694
-3.25455
0.678672
3.12758
0.197969
-2.88115
1.80114
-2.39746
-2.56577
0.638752
3.42448
4.73449
0.67828
3.3794
-4.41072
3.77039
-2.64983
-2.32837
1.96036
-3.9283
-3.81275
-1.09785
3.84951
3.68102
2.73427
2.17584
-1.70625
-1.6258
4.61853
-3.53959
-3.31712
1.166
1.64135
3.3484
-1.72154
0.155563
1.90898
0.171409
1.42085
4.66642
-2.06673
-3.63269
-3.10064
0.936224
-0.14897
2.14341
0.755688
1.93214
3.44409
-0.490277
-2.27845
-2.8454
2.70794
-0.154869
-3.24661
-1.70628
-3.14967
4.39641
4.59122
1.11827
-1.35905
-2.67915
-0.304384
-2.8418
-1.03907
-5.98112
2.33673
4.48028
1.41892
1.32787
-4.02933
-0.00185144
-3.18511
-2.39678
1.43197
1.48238
3.89529
-0.677279
3.24671
-4.44904
0.976335
-3.3605
-4.55944
4.32845
1.23962
-3.71958
-1.08345
4.62902
-1.13847
-3.06215
0.20616
2.32876
-1.78757
-2.07116
-0.573599
-0.592027
-3.19989
-2.45484
-0.158781
-2.53023
-3.16868
-3.66987
-4.1078
0.397136
-4.72926
0.312452
0.970003
1.19682
0.232345
-1.1963
0.115156
1.67633
0.915698
2.2846
2.74828
1.0295
1.64151
-2.48105
-0.685168
-0.109823
-1.57148
2.97411
-1.10967
-0.803084
-4.83067
0.452471
0.691759
2.34113
-1.81309
2.22242
-2.44249
-1.62426
-1.00959
1.56967
-0.222802
-0.700114
-3.33807
4.15091
-0.139187
-1.48291
4.85392
4.89102
-0.419668
-1.96566
-2.45296
0.179535
2.23427
-1.96013
-4.08373
-2.68139
-4.01801
2.51088
2.45546
4.78507
1.51013
-0.491549
4.36342
-1.60071
-0.205029
2.79954
0.526549
0.00759622
-4.48928
1.67185
-1.0018
0.438902
2.91963
-0.949635
-1.48095
-0.336775
-1.58337
-3.98846
4.29268
-3.88507
3.12859
-3.1618
0.982719
3.29602
2.97393
-4.03325
4.00813
-2.45459
3.59646
-2.24875
4.19561
-4.78996
-2.4293
-2.12109
0.815937
0.753296
1.7768
1.82867
3.15037
3.90228
-2.17906
-4.8863
2.62761
4.61244
-3.67644
-0.622839
-1.39819
4.10303
-1.4529
0.666485
-0.147592
0.146385
2.95698
2.28348
-0.744899
-1.62482
0.00518409
3.63205
-1.84543
2.41475
-2.10802
-1.82582
3.16683
0.29855
-0.612183
4.91939
-0.521993
0.852957
-1.04515
-1.17318
-2.7792
-3.47121
-3.29611
2.23249
-2.25334
-0.630493
-3.34238
3.36
0.635389
-1.3272
-4.47332
3.17795
3.39254
3.71089
-0.768229
-2.85251
1.30673
-1.63919
1.49382
-1.66443
3.04113
-0.716866
-4.49974
1.32928
1.96118
0.590107
-1.70423
-1.04865
-4.29764
0.941166
4.80837
-3.83953
-4.71849
-2.07034
1.42372
-3.26691
-2.68651
-2.77799
-1.76241
-0.851198
-4.8792
1.92537
3.69249
-1.75144
3.47024
-2.79786
1.23696
-2.02652
-4.37533
1.33232
-3.12249
-0.704563
-1.8649
0.428445
2.34673
-1.21754
-1.4352
0.96175
0.624218
-1.90829
3.97023
0.183224
-0.804378
1.52867
-0.402663
0.673681
-4.40878
-1.86482
2.07209
0.0103806
0.858543
-4.50225
0.00932441
-0.497116
3.12605
0.493109
2.37553
-2.84154
-0.785632
-3.89379
1.81058
-0.366533
2.98949
2.24361
3.47024
-1.64622
-0.0134938
-4.76996
-2.51281
0.136057
3.27428
-2.63693
4.6116
-4.48268
2.30813
2.95461
-3.45075
-4.53388
3.46138
-2.58777
1.69646
1.51496
2.81114
1.52086
3.01319
0.430322
-1.22123
2.85551
1.9301
4.25317
2.52795
-0.19033
0.0865393
2.43349
4.40192
-2.57619
-1.77672
1.14875
-0.723695
3.22714
0.940741
2.2757
1.32922
-0.946873
1.13909
3.68082
-1.25997
-1.67949
-3.1813
0.85116
2.89857
-0.935314
4.40498
1.08075
-4.67817
3.52338
-4.23213
-3.72483
2.89897
-2.09237
-0.96929
4.80131
-0.921036
-0.356178
1.72467
-2.49283
1.69073
2.97055
1.10563
0.344067
-0.998457
-1.96553
-0.59113
0.388996
2.50545
0.799497
0.411581
-0.153891
-3.89036
1.40187
3.66078
4.50757
-2.97059
1.83037
-4.20095
-0.0960069
-0.26815
2.7847
0.446699
-0.373927
-2.64415
1.5028
-0.997225
2.10755
4.29434
-1.56929
-3.28626
-4.84262
-0.692285
2.14021
2.28383
-1.59145
4.26911
4.82307
2.0768
3.06577
4.59436
0.897352
2.6161
-0.856445
0.375889
3.41844
-2.12829
0.954169
-1.33412
4.73637
-1.28738
-3.61289
1.45817
-3.09677
-1.98808
1.99647
-2.69321
2.49235
1.46973
0.122399
-2.77016
-4.83243
3.10926
1.77234
-2.88091
0.996979
-3.42424
-1.32256
1.23837
2.89863
-2.1709
1.41935
0.542887
-1.40258
1.47934
-2.5334
0.845622
4.35595
4.80246
-0.514333
0.252067
0.163886
-3.81073
1.191
-1.75177
-3.88101
2.10203
0.0466767
4.34627
1.62782
-2.07387
-2.68183
-0.587343
-4.07504
3.1548
3.32162
-3.36755
-2.89638
3.27121
-0.69203
4.53176
1.76206
1.42013
1.83065
-1.00756
-3.21603
0.987935
-3.72585
1.20041
1.0807
-3.18288
-0.837151
1.9488
-1.67339
2.13953
4.03332
1.56863
-1.26701
1.0392
0.826514
3.01903
1.35753
2.55876
-0.693775
0.503606
-2.0464
-3.9283
-4.43766
-1.44784
-0.938343
0.290513
-1.17592
2.54694
-1.15114
0.831117
0.562402
-3.30782
0.305244
3.81975
1.47138
-1.57664
-2.10843
4.81788
2.91175
4.41072
0.179182
2.24694
4.09214
2.67014
-0.884728
0.153897
-1.8008
-2.14977
-2.40624
-2.1836
2.15176
2.79087
-4.06879
1.28369
-2.55964
4.13012
-2.2295
1.06885
2.70114
1.84672
0.870464
0.0418418
-2.52259
-0.83362
-2.86952
-0.524539
1.72732
4.65597
4.00061
-0.662787
4.99658
-0.255356
-0.864954
-3.52146
3.01423
3.72856
-5.96642
2.67665
-2.96696
3.43423
-2.31645
-0.701873
-1.07733
3.84792
-1.66234
-1.53378
-3.9041
2.99983
-0.71544
3.3001
-3.37702
-3.02169
-0.776371
-2.62026
1.30728
-3.85376
-2.87848
3.12719
-2.89241
-0.635336
-1.87718
-2.23542
-3.08291
3.48496
