4.57113
-1.74786
1.97904
-0.537617
2.97005
-2.92505
1.8973
1.06548
0.0286695
-1.7837
0.190293
0.204754
0.198282
0.999455
-2.9
3.38123
-0.336376
-2.8948
-1.45337
-4.86235
-0.813925
0.318818
-3.60292
-3.6959
-3.46853
2.41112
-2.97258
-1.9009
-0.921395
-0.515926
-5.90848
4.73482
-2.99099
-4.33582
0.292402
2.0004
3.90375
2.68005
3.00209
1.49938
1.56847
-3.36945
0.513359
1.50811
2.70981
0.398236
-2.93646
0.692715
1.36454
2.69732
-2.20704
-2.53948
4.20931
-2.32128
-2.53145
2.18582
-2.47118
2.80306
1.32026
-0.368277
-0.362997
-4.68919
-1.98085
-0.873075
2.97284
-1.62932
1.42593
2.58984
4.22685
2.60373
1.8591
-3.89302
-1.00583
-2.61216
-4.4711
-4.20348
0.269827
3.60503
0.718562
2.04097
-1.59976
2.17472
-1.63572
-1.33682
-2.62403
1.2836
-2.97296
-2.99875
1.84838
2.9303
-0.728794
4.71494
-5.41849
-2.20954
3.99426
3.63408
1.56802
-4.63089
0.674221
-1.81154
4.31043
2.21146
-2.88459
1.31334
-1.7024
-1.50552
-0.783105
2.55861
4.71014
-4.56739
4.9436
-0.818841
-3.85689
-1.50114
-4.11743
-2.2419
5.59188
1.49475
1.12743
-4.96161
0.31408
-3.84257
-2.31811
-1.29147
-0.509728
0.746388
-1.39903
-3.28826
3.37093
-1.43909
-4.01494
0.7561
-1.68083
-1.2439
-3.36324
2.05507
-3.52649
-2.36088
2.22871
0.926116
-2.86642
-0.0326738
1.62679
1.42587
3.19486
-2.78879
0.236935
0.830999
1.17464
-2.95957
-1.76188
4.46141
-4.11836
1.04534
-0.851835
-1.54856
-0.240103
-3.61306
-1.22974
-4.4169
-0.82655
0.48248
0.00459074
-4.68388
4.61079
-4.08979
0.168759
-2.84971
2.43339
1.01369
0.255892
-0.240262
0.90398
1.32291
-2.73371
1.10011
-0.782419
-1.0635
3.3615
-0.907658
-1.14726
2.59875
-4.2994
0.976839
4.85033
2.67806
4.13285
3.33558
-0.0232341
3.50074
3.71355
0.478639
-3.30105
1.91427
1.35904
-1.42168
-3.7113
1.91461
-0.94227
3.03864
1.29309
2.54641
-4.89702
1.80647
-3.83355
1.87394
-4.84144
1.54768
4.19663
1.10302
2.0951
0.485545
-1.49565
4.52934
2.72382
1.59597
3.8549
-3.9367
-0.373546
0.110643
-0.6227
-1.54476
-0.511571
-0.16855
-3.70685
