4.56692
-1.74876
1.97335
-0.535534
2.97616
-2.57984
1.89439
2.02369
0.030341
-1.39036
-0.808814
0.201925
0.794681
0.998405
-2.90018
3.38127
-1.17387
-2.5377
-1.91666
-4.86257
-0.812658
0.679662
-3.59917
-3.69281
-4.46379
2.41127
-2.97181
-1.90075
-1.92329
-0.502018
-4.91317
4.73171
-2.9623
-3.57036
-0.0696749
1.00331
3.90454
2.13566
2.36983
1.50225
0.565837
-3.36763
1.10303
1.87012
2.35016
0.398607
-3.93313
0.144645
1.75733
2.69702
-2.20756
-3.36764
4.19972
-1.91631
-2.52127
2.18416
-2.47624
2.8086
1.32081
-0.3689
-0.359973
-4.32855
-2.97283
-1.34156
2.96941
-0.274702
2.42385
3.18584
4.22593
1.94027
2.86367
-3.52802
-0.999048
-2.25372
-4.14578
-3.83914
0.269984
4.2008
0.720412
2.04178
-1.59928
1.34357
-1.63698
-1.80698
-2.62568
1.28713
-2.14748
-3.0013
1.84852
2.92978
-0.735588
5.07482
-4.81355
-2.21063
3.99978
3.63412
2.56389
-4.62956
1.11102
-2.18973
4.29866
2.56611
-2.87597
1.18731
-1.70047
-1.50478
-1.61249
2.92262
4.71555
-4.56783
5.93682
-0.816087
-3.26046
-1.50114
-5.09725
-0.877021
4.76772
1.50613
1.12128
-5.26756
-1.7032
-4.15172
-2.3171
-1.29181
0.131207
1.74051
-0.397837
-3.28963
3.39395
-1.44412
-4.0176
-0.0728495
-1.6795
-0.881232
-3.05049
1.05735
-4.52962
-2.3577
2.23111
0.926754
-1.88545
-0.0424894
2.23807
1.83007
4.19105
-3.78533
1.04383
0.830084
1.17492
-3.30281
-2.75786
3.63015
-3.12284
1.81251
-1.84706
-3.54993
-1.08052
-3.01801
-1.23118
-4.05633
-0.826762
0.483571
0.603581
-4.2785
4.61062
-3.0929
0.168079
-1.89256
2.43335
1.01255
0.260358
-0.714613
0.902863
1.01125
-3.10252
0.789863
-0.786116
-0.105819
3.77548
-0.907098
-1.15048
2.95814
-4.30335
0.977061
4.4799
2.6748
4.1495
4.29768
-1.01985
3.86148
3.6962
-1.07489
-3.30083
1.80108
1.36653
0.893585
-3.71351
2.27482
-0.970726
2.68517
1.30282
1.71651
-4.89611
2.21345
-3.83308
2.23759
-4.03621
1.90836
4.21911
1.11728
2.05776
-0.345131
-1.49492
4.93638
2.72342
1.59438
3.85859
-3.92775
-0.368603
0.111031
-0.623446
-2.01463
-0.514364
-0.172581
-3.70395
1.24562
-0.165698
-2.80879
-5.25138
1.31538
-2.40285
-4.31114
-2.77004
1.23988
0.830866
-4.52643
-4.50332
3.93724
-3.75288
-2.80546
3.40931
4.20075
0.218529
-4.8942
-4.5335
-0.0988348
4.77787
4.17498
-0.240759
2.01407
0.526804
1.69278
1.23585
4.18091
1.697
-3.17874
4.65147
2.20479
3.16607
-3.26213
-1.10284
-4.51308
1.65546
-0.394096
2.84998
-0.767025
-2.03514
3.93299
-3.31329
4.64199
-2.83266
2.87011
4.24428
1.71309
4.14258
-1.2426
-0.934092
-4.17839
-0.516897
4.63964
1.7213
-1.83523
-2.77205
-1.26649
-3.5721
-1.32001
0.860621
3.01568
-2.39215
-1.88525
2.1198
1.59419
-0.071462
-1.50868
-1.94029
1.67487
1.78526
0.667816
0.45395
-2.11511
1.76466
1.50131
4.09453
1.52299
2.26567
-3.853
0.614941
3.67783
0.843464
-3.56444
-2.05273
1.9296
-2.01021
0.21087
-1.78169
-1.60099
1.43071
2.48522
0.464005
2.45294
0.512857
4.29661
0.565416
-3.87333
0.167464
3.25218
0.539655
-3.18834
3.30346
-0.587932
-1.06315
1.17532
-0.337948
-4.11811
-2.13533
-1.685
1.47747
-4.19673
-2.79753
-0.298076
-0.691101
-1.03648
-2.75164
1.44675
-1.92612
0.424731
-1.28262
3.49169
-0.359653
-4.21805
-0.116379
-2.73868
-1.21438
3.20003
0.0828753
3.70332
-1.83608
-2.28312
-2.9984
1.40892
1.37036
-3.94124
2.88901
2.9428
-4.5536
4.40889
-0.59987
0.358948
4.86581
4.5089
4.16983
-3.20401
-3.06096
-0.295247
-1.46425
-1.24255
-4.46348
-4.05155
-5.40215
2.73926
-3.18382
2.19857
1.73807
-3.82852
-1.83724
-2.01481
-0.556224
4.27598
-1.49866
2.50264
3.12705
-1.15234
-3.96839
-0.427168
1.39083
-3.72494
-1.08554
-3.52097
-2.60776
-2.75147
1.67667
-2.54985
4.52864
0.0278138
-1.22059
-3.64552
-2.47254
-2.40082
-0.77713
-2.95839
0.962593
4.77152
1.08466
-3.63747
2.17066
-2.09705
-2.4829
1.50865
-2.1916
4.75314
0.97633
2.63106
-3.29004
0.675491
3.12641
0.198618
-2.86696
1.80069
-2.389
-2.20265
-0.348651
3.42365
4.72654
0.67504
2.37124
-4.42043
3.77021
-2.65078
-2.32676
2.32125
-3.93193
-4.12352
-1.10369
3.84948
4.67586
2.73839
2.17925
-1.34793
-1.62467
4.97926
-3.54095
-3.31803
1.16599
1.63359
3.3428
-1.72508
0.145878
1.91019
0.170479
1.42057
4.66879
-2.42731
-3.62601
-3.10928
0.923834
-0.441212
1.14755
0.755903
0.935283
3.4452
-0.499138
-2.27874
-2.85694
2.70829
-0.163179
-3.55536
-2.70508
-3.46118
4.3876
4.58979
1.12104
-1.3587
-2.66998
0.0586999
-2.83993
-1.03785
-5.99362
2.33087
5.47693
1.4194
1.31776
-4.01536
-0.0193179
-3.17812
-2.39669
1.79393
1.48271
4.25589
-0.663234
3.24305
-4.44824
1.33743
-3.35912
-4.55712
4.32476
1.23731
-2.72286
-1.08423
4.62915
-1.13834
-3.05792
-0.152414
2.32917
-1.78739
-2.05859
-0.578524
0.396984
-2.8316
-2.45052
-0.158395
-3.51594
-3.17069
-3.65333
-4.11182
0.3915
-4.72951
0.31232
0.969896
1.19392
-0.0769192
-1.19526
0.115206
0.680895
0.606474
2.32289
2.74022
1.03551
2.00105
-2.48153
-0.685043
-1.11283
-1.57283
2.96479
-1.11073
-0.784885
-4.83162
0.439224
0.691165
2.3402
-1.44904
2.2051
-2.46271
-1.62434
-1.0093
1.55677
-0.222202
-1.68762
-3.34807
4.14228
-0.446865
-3.43838
4.85377
3.88271
-0.411574
-1.96425
-2.08553
1.1758
2.22394
-1.96091
-4.39256
-2.68292
-3.65971
2.51536
2.09639
4.77897
1.85449
-0.492177
4.72487
-2.59217
-0.566755
2.78591
0.545246
-0.999516
-4.48843
1.67142
-1.00168
0.441973
3.29801
-0.951901
-1.48024
-1.33181
-1.58163
-3.9894
4.65902
-3.88296
2.81839
-3.20595
0.966265
3.29697
2.64895
-5.0429
4.37024
-3.45582
3.59524
-2.23834
4.19011
-4.77845
-2.4272
-3.09813
1.17815
0.740617
1.77516
0.832374
3.15018
3.93601
-2.17333
-4.85456
2.63357
4.61785
-3.31332
-0.606864
-1.39848
5.08738
-1.45199
0.666428
-0.147714
0.130524
2.94551
2.28373
-0.384022
-1.62665
0.00503687
3.60809
-1.85123
2.43144
-1.75072
-1.8241
3.16798
-0.704341
-0.620082
4.91604
-0.50298
0.850308
-1.04429
-1.163
-2.41787
-3.472
-2.93434
2.23314
-1.89274
-0.619978
-3.35125
3.35851
0.635008
-1.38974
-4.4644
4.17528
3.3925
3.72727
-0.399888
-2.8531
1.66955
-1.63357
1.85803
-2.67115
3.0449
-0.707496
-4.50033
1.32948
1.96142
-0.409606
-2.06461
-1.05891
-3.9362
0.940024
5.17213
-3.84377
-4.36295
-2.06229
1.4242
-3.28487
-2.68734
-2.7787
-1.76238
0.147404
-4.87868
1.9161
3.69295
-0.756524
3.47049
-2.79366
1.60267
-2.01602
-4.37609
1.33635
-3.12434
-0.707244
-1.50371
0.425912
2.35161
-1.19517
-1.07974
0.962149
0.621858
-1.9085
4.33119
-0.812313
-0.802181
1.54532
-0.396509
0.673502
-4.40861
-1.86546
2.07326
0.00926139
1.2188
-5.4958
0.0114069
-0.498226
3.12605
0.482094
2.05704
-1.8402
-0.784107
-3.8909
2.17319
-0.315367
3.00747
1.26189
3.16189
-1.65099
-0.014738
-4.76674
-2.51159
0.141535
3.27483
-3.62802
4.61087
-5.47869
2.30808
2.95332
-3.44656
-4.47575
3.86625
-2.61906
1.69549
1.4896
2.82658
1.51125
3.36884
0.434097
-1.2212
2.85737
2.29104
4.24385
2.52256
-0.189002
0.0860926
2.43382
4.40194
-2.57629
-1.77699
1.14837
-0.722506
3.21717
1.30823
1.25081
1.33433
-0.946621
1.13916
3.68151
-1.93137
-1.67657
-3.17825
0.851363
2.89863
-0.931651
4.40591
1.07849
-4.31288
3.50823
-3.87312
-3.72777
3.259
-2.07773
-0.961082
4.79954
-0.921026
-0.353203
1.72501
-2.49303
1.69226
2.97073
1.1054
1.3416
-1.68579
-1.97034
-0.240121
1.38638
2.86695
0.800502
0.412297
-0.155181
-4.20076
1.40201
3.66049
4.49868
-2.97006
1.83559
-4.51628
-0.0973666
-0.265488
2.7839
0.449581
-2.3321
-2.64415
2.5087
-1.0018
2.06654
4.29635
-1.5701
-3.28323
-4.8493
-0.692949
3.13666
2.284
-1.59201
4.26924
4.82586
2.07785
2.07068
4.59667
0.897843
2.97524
-0.848924
0.379009
3.41872
-2.12786
-0.0430014
-0.972531
4.75146
-1.29011
-3.60768
1.82032
-3.09714
-2.34815
1.99662
-2.6934
2.49012
1.82768
0.122593
-2.4066
-4.8349
3.46931
1.78664
-2.50724
1.98393
-3.42538
-1.32289
1.24013
2.88478
-1.81021
2.41524
0.905841
-1.39078
1.48897
-3.52928
0.485037
3.37333
4.80827
-1.49715
0.234588
0.162057
-4.17198
1.20387
-1.75403
-2.91686
2.46385
0.0714396
4.69808
1.63033
-2.0786
-3.67348
-0.592118
-4.07478
3.15495
2.32031
-3.02211
-2.90007
3.27004
-1.68369
4.8914
1.77976
1.42372
1.83996
-1.00863
-3.21447
1.34779
-3.72977
1.20716
1.07887
-3.49274
-1.83419
1.94914
-1.6718
2.50279
4.02235
1.27311
-1.26357
1.04244
0.798014
3.39561
1.36225
2.55914
-0.650297
0.499287
-2.04615
-3.56799
-4.43131
-1.44376
-0.934531
0.289519
-1.14962
2.54835
-0.152134
0.159433
0.568797
-3.30779
-0.691008
3.82121
1.47012
-1.57728
-2.121
4.818
2.91779
4.7764
0.19217
2.24499
4.0913
3.03106
-0.902425
0.165438
-0.802713
-2.15078
-2.40622
-2.18366
2.1507
3.15214
-4.05488
1.29912
-2.55827
4.12838
-1.24133
1.05852
2.70129
2.2094
0.864956
0.0434563
-3.51952
-0.833895
-2.84718
-0.889683
3.72174
4.64992
4.00617
-1.0238
5.00438
0.107803
-0.903693
-3.52132
3.03954
3.72471
-5.96262
2.678
-2.96683
3.43421
-2.31591
-0.701495
-1.0877
3.84728
-1.66374
-1.53356
-5.85997
3.36076
-0.704299
3.65685
-3.39013
-3.03067
-0.77638
-2.25944
1.30741
-4.16371
-2.91741
3.12941
-2.89406
-0.636103
-1.87954
-2.59797
-3.08266
3.48388
