92.9582
-43.1638
81.2355
-86.4377
-47.3047
-81.4870
-50.6370
13.2546
31.9138
80.8528
68.4838
-1.11626
20.7570
-39.1469
58.1385
-45.8214
3.90995
87.0418
11.0402
-58.0286
79.8417
-83.5262
-61.8394
71.5277
39.9383
72.4205
-5.48108
-30.1376
17.8562
-17.0119
14.1643
31.0849
-30.4604
-34.5992
27.3616
7.59694
77.8701
64.2091
-18.5737
-91.3021
-73.7714
93.3072
-31.7303
-76.5259
-65.5867
-77.5984
-12.4455
38.3238
-52.5962
-7.63447
-79.7474
-61.8657
-49.6441
37.3098
-73.1635
-14.6265
88.5292
74.3098
2.57247
31.9181
71.0130
-81.7961
-35.1782
7.02366
68.3247
19.1448
16.0240
-7.87949
-11.6790
-6.40707
-7.69900
68.8277
83.8268
-40.3524
-15.7598
11.4478
43.1649
33.1045
5.93424
-23.6054
-29.4628
-45.0068
14.6269
8.66747
-5.19262
19.9202
-70.9657
-64.5030
68.4418
93.8548
26.8589
69.1493
42.0871
-15.3947
19.7350
-82.4612
58.8053
37.4098
96.7521
-100.602
-77.4958
-32.1281
-66.5174
50.8117
47.9878
-92.5281
16.8292
-2.93423
98.9526
-31.2789
82.2837
57.2255
33.8013
-3.14097
-58.9548
42.1704
-8.37994
17.9442
68.8426
23.5267
-52.6753
69.8321
41.3979
49.4999
-6.11196
18.7698
-91.6342
52.8553
17.4596
-56.7829
73.8042
62.7892
-40.9962
65.5094
-33.0132
66.1858
93.4982
-4.70583
-19.8511
22.2598
67.8990
-61.8058
32.9203
-85.8767
19.7549
98.4490
94.2737
68.9038
-19.4418
-97.8596
-33.6951
57.8002
-89.2110
-12.0772
59.7017
-20.2085
78.3849
-35.9184
44.1565
71.1197
71.1688
-99.9228
68.7040
-81.5460
50.0451
1.47306
1.47060
43.1301
-58.7379
47.7448
-50.8446
57.7724
21.5669
-99.3769
-0.91352
-5.45900
-43.5539
-93.1697
-0.35978
5.61528
13.1378
-54.9654
-12.6224
-9.10037
-43.7849
11.4917
2.95938
-7.15077
40.7656
76.9552
75.1364
-44.3176
-82.3749
-41.2498
-37.9589
13.4096
-47.7701
47.0928
-22.7450
36.3561
-45.0512
39.1398
-23.6260
57.3496
-52.8685
82.5803
-81.0226
5.23241
-78.1700
-39.8431
-69.5510
97.9887
-47.4619
14.1416
66.5235
-19.8656
49.8031
39.1004
4.84340
47.4674
-16.9109
0.42011
-11.0099
-20.7895
45.4423
-28.3763
51.0298
98.1715
95.7401
76.4617
-47.9758
32.8843
80.7351
45.7175
-8.65352
-55.8177
30.5987
21.5296
77.3813
-0.12838
-58.4347
-83.4662
-93.7972
71.2959
61.1770
-66.1774
32.3306
-25.7745
-98.8922
61.2592
93.4492
85.0684
-28.1665
-11.3631
-26.8765
19.3552
18.9879
-96.0439
-22.9856
77.8972
-7.85294
-40.7938
32.0011
-6.33678
-45.9574
70.7362
21.1623
28.2472
49.8177
26.9271
21.9401
-18.7695
-61.1766
76.3490
-63.0696
61.1963
33.9056
52.6727
3.04821
-78.4154
50.6434
45.6229
69.5397
-6.88585
24.3504
-27.6526
-46.8855
45.7144
52.0891
-16.8491
-78.1374
-59.7039
-58.4412
-4.61595
25.4166
-57.4079
-77.4604
15.3660
68.4176
22.3878
-29.1566
-23.2538
-67.7061
-5.30062
-58.5924
-17.2830
62.5578
32.9041
-11.7655
-45.7255
96.2668
8.18134
41.3556
24.0913
-69.9735
-4.06035
-17.4599
47.8788
-33.8779
-53.5762
66.7488
33.6453
19.7824
-28.0505
-63.0853
17.9437
35.8412
-29.6633
18.8831
-44.6143
-29.6578
-40.4489
-37.0021
-20.6215
45.3177
-14.3516
6.25765
-41.8772
76.4704
29.8448
-19.4488
-55.2218
65.9787
-62.0281
-94.1821
61.8958
25.6388
-3.07769
29.6298
47.1872
-40.7146
-54.0147
42.2281
-90.4274
59.9419
95.9229
-79.3034
-59.5763
73.3858
47.5276
56.4047
-36.6211
-66.7890
-42.1805
93.5521
-7.58474
-24.1986
86.0681
-61.8157
46.2671
60.9649
95.4441
-18.1957
6.55917
-23.7892
-4.36872
-93.1490
-74.9290
43.4964
23.9803
-67.3543
94.7809
-8.67118
-64.7316
-64.8680
91.2472
-73.0250
-93.9036
53.3941
-17.1426
85.8301
70.9933
-3.10649
-48.9033
9.66127
36.4482
-15.7813
40.4185
-63.8960
-68.9919
63.0986
-54.4077
-12.4990
32.6808
26.6217
-38.2614
35.7517
89.0696
22.8059
-4.03174
4.60139
57.0111
42.8159
53.3546
-54.1332
-64.3298
-24.6722
49.4574
7.34536
0.73244
-63.5766
79.1596
6.58270
-75.3583
-57.5968
58.1303
32.2856
38.4145
-8.92983
65.5078
26.2564
81.5197
79.9086
-17.7537
60.6885
74.9830
31.8200
58.8785
5.64221
-53.8973
-84.3068
97.4099
80.9916
67.1216
34.4990
-60.5381
-57.0439
-13.3296
-44.7829
-86.0800
-31.6970
-93.4182
-55.8664
72.1263
7.98297
-95.6366
1.07506
-60.6598
-84.2072
31.8736
15.9088
81.2948
-97.3541
-58.1991
-96.3799
77.5765
4.02491
54.6426
-31.0204
95.6164
24.2131
-4.80170
-93.4893
76.8144
-17.6295
-4.37815
-92.8286
23.7572
81.9485
-46.5072
25.6798
49.7388
-30.5057
-61.6146
-51.2091
-72.2872
30.4275
-82.9044
-23.1982
12.7318
77.6220
-22.6898
84.5423
-8.51384
-17.1115
51.1214
-57.8897
50.8130
16.8843
-9.84502
